NAME : instance_location_11.dat
COMMENT : depots [16(Porto Velho), 11(Ji-Paraná)]
TYPE : MDOVRP
NODES : 52
DEPOTS : 2
CAPACITY : 6758
MAX_TRAVEL_DIST : 180
EDGE_WEIGHT_TYPE : DIST
DEMAND_SECTION
0 1626
1 0
2 391
3 0
4 1249
5 1208
6 448
7 888
8 0
9 0
10 0
11 0
12 2348
13 1452
14 0
15 0
16 0
17 0
18 0
19 3918
20 500
21 0
22 1418
23 0
24 1017
25 837
26 0
27 2529
28 620
29 403
30 796
31 0
32 233
33 605
34 1213
35 0
36 623
37 199
38 753
39 0
40 471
41 351
42 136
43 0
44 0
45 0
46 792
47 0
48 0
49 0
50 750
51 493
DEPOT_SECTION
506.0 204.0 808.0 480.0 800.0 762.0 722.0 715.0 542.0 331.0 292.0 377.0 302.0 482.0 334.0 521.0 0.0 410.0 199.0 483.0 503.0 705.0 496.0 280.0 428.0 538.0 208.0 231.0 479.0 260.0 307.0 26.0 444.0 661.0 223.0 307.0 114.0 457.0 389.0 255.0 371.0 566.0 852.0 548.0 533.0 605.0 541.0 364.0 315.0 398.0 328.0 352.0
131.0 181.0 433.0 105.0 425.0 387.0 347.0 376.0 167.0 522.0 87.0 0.0 229.0 143.0 44.0 146.0 377.0 35.0 226.0 109.0 128.0 331.0 158.0 473.0 89.0 164.0 233.0 302.0 104.0 152.0 281.0 356.0 69.0 287.0 294.0 111.0 263.0 83.0 107.0 230.0 72.0 191.0 478.0 174.0 158.0 267.0 203.0 38.0 118.0 55.0 163.0 79.0
DEPOT_VEHICLES_SECTION
1
1
NODE_COORD_SECTION
0.0 309.0 399.0 81.0 392.0 353.0 314.0 327.0 146.0 650.0 214.0 131.0 358.0 60.0 173.0 114.0 506.0 97.0 355.0 49.0 26.0 297.0 111.0 602.0 106.0 45.0 362.0 431.0 27.0 280.0 410.0 485.0 62.0 253.0 423.0 239.0 391.0 123.0 183.0 358.0 182.0 89.0 444.0 85.0 56.0 217.0 153.0 170.0 247.0 136.0 292.0 208.0
309.0 0.0 611.0 284.0 603.0 565.0 525.0 518.0 345.0 350.0 95.0 181.0 151.0 285.0 137.0 324.0 204.0 213.0 53.0 287.0 306.0 509.0 299.0 302.0 231.0 342.0 60.0 131.0 282.0 64.0 110.0 182.0 247.0 464.0 120.0 110.0 89.0 261.0 193.0 58.0 174.0 369.0 656.0 352.0 336.0 408.0 344.0 167.0 90.0 201.0 100.0 155.0
399.0 611.0 0.0 328.0 69.0 47.0 85.0 679.0 318.0 951.0 516.0 433.0 659.0 412.0 475.0 289.0 808.0 398.0 657.0 352.0 372.0 101.0 463.0 904.0 446.0 408.0 664.0 733.0 379.0 582.0 712.0 786.0 409.0 161.0 724.0 541.0 693.0 377.0 523.0 660.0 519.0 313.0 67.0 314.0 344.0 569.0 505.0 484.0 548.0 476.0 594.0 509.0
81.0 284.0 328.0 0.0 320.0 282.0 242.0 406.0 63.0 624.0 188.0 105.0 332.0 124.0 147.0 41.0 480.0 71.0 329.0 48.0 64.0 226.0 187.0 576.0 118.0 88.0 336.0 405.0 91.0 255.0 384.0 459.0 82.0 182.0 397.0 214.0 366.0 49.0 196.0 332.0 153.0 97.0 373.0 47.0 52.0 296.0 232.0 118.0 221.0 149.0 266.0 182.0
392.0 603.0 69.0 320.0 0.0 39.0 37.0 671.0 311.0 944.0 508.0 425.0 652.0 405.0 467.0 281.0 800.0 391.0 649.0 344.0 365.0 95.0 456.0 896.0 438.0 254.0 656.0 725.0 371.0 574.0 704.0 779.0 402.0 92.0 717.0 533.0 685.0 369.0 515.0 652.0 511.0 220.0 53.0 306.0 336.0 562.0 498.0 476.0 541.0 468.0 586.0 502.0
353.0 565.0 47.0 282.0 39.0 0.0 56.0 633.0 272.0 905.0 470.0 387.0 613.0 366.0 429.0 243.0 762.0 352.0 611.0 306.0 326.0 66.0 417.0 858.0 400.0 362.0 618.0 687.0 333.0 536.0 666.0 740.0 363.0 201.0 678.0 495.0 647.0 331.0 477.0 614.0 473.0 267.0 73.0 268.0 298.0 523.0 459.0 438.0 502.0 430.0 548.0 463.0
314.0 525.0 85.0 242.0 37.0 56.0 0.0 593.0 232.0 865.0 430.0 347.0 573.0 326.0 389.0 203.0 722.0 313.0 571.0 266.0 287.0 109.0 378.0 818.0 360.0 226.0 578.0 647.0 293.0 496.0 626.0 700.0 323.0 64.0 639.0 455.0 607.0 291.0 437.0 574.0 433.0 193.0 73.0 228.0 258.0 484.0 420.0 398.0 463.0 390.0 508.0 424.0
327.0 518.0 679.0 406.0 671.0 633.0 593.0 0.0 425.0 858.0 423.0 376.0 566.0 267.0 382.0 393.0 715.0 342.0 564.0 328.0 348.0 577.0 220.0 811.0 287.0 372.0 571.0 640.0 306.0 489.0 619.0 693.0 324.0 533.0 631.0 448.0 600.0 440.0 291.0 567.0 363.0 411.0 724.0 389.0 377.0 86.0 188.0 351.0 455.0 317.0 501.0 416.0
146.0 345.0 318.0 63.0 311.0 272.0 232.0 425.0 0.0 686.0 250.0 167.0 394.0 158.0 209.0 32.0 542.0 133.0 391.0 97.0 118.0 216.0 209.0 638.0 180.0 153.0 398.0 467.0 125.0 316.0 446.0 521.0 144.0 172.0 459.0 275.0 427.0 84.0 257.0 394.0 205.0 131.0 363.0 59.0 90.0 315.0 251.0 171.0 283.0 210.0 328.0 244.0
650.0 350.0 951.0 624.0 944.0 905.0 865.0 858.0 686.0 0.0 436.0 522.0 626.0 625.0 478.0 664.0 331.0 553.0 523.0 627.0 647.0 849.0 640.0 49.0 572.0 682.0 532.0 227.0 622.0 404.0 263.0 350.0 588.0 805.0 547.0 451.0 439.0 601.0 533.0 291.0 514.0 710.0 996.0 692.0 676.0 749.0 685.0 507.0 458.0 542.0 477.0 496.0
214.0 95.0 516.0 188.0 508.0 470.0 430.0 423.0 250.0 436.0 0.0 87.0 143.0 190.0 43.0 230.0 292.0 119.0 141.0 192.0 212.0 414.0 205.0 388.0 137.0 247.0 148.0 217.0 188.0 67.0 196.0 271.0 153.0 370.0 209.0 26.0 178.0 166.0 98.0 144.0 80.0 275.0 561.0 258.0 242.0 314.0 250.0 73.0 33.0 107.0 77.0 61.0
131.0 181.0 433.0 105.0 425.0 387.0 347.0 376.0 167.0 522.0 87.0 0.0 229.0 143.0 44.0 146.0 377.0 35.0 226.0 109.0 128.0 331.0 158.0 473.0 89.0 164.0 233.0 302.0 104.0 152.0 281.0 356.0 69.0 287.0 294.0 111.0 263.0 83.0 107.0 230.0 72.0 191.0 478.0 174.0 158.0 267.0 203.0 38.0 118.0 55.0 163.0 79.0
358.0 151.0 659.0 332.0 652.0 613.0 573.0 566.0 394.0 626.0 143.0 229.0 0.0 334.0 186.0 373.0 302.0 262.0 154.0 335.0 355.0 558.0 348.0 579.0 280.0 390.0 204.0 278.0 331.0 209.0 258.0 281.0 296.0 513.0 86.0 168.0 188.0 310.0 242.0 206.0 223.0 418.0 704.0 401.0 385.0 457.0 393.0 216.0 123.0 250.0 67.0 157.0
60.0 285.0 412.0 124.0 405.0 366.0 326.0 267.0 158.0 625.0 190.0 143.0 334.0 0.0 149.0 127.0 482.0 109.0 331.0 61.0 81.0 310.0 51.0 578.0 54.0 105.0 338.0 407.0 40.0 256.0 386.0 460.0 75.0 266.0 398.0 215.0 367.0 169.0 131.0 334.0 131.0 144.0 457.0 122.0 111.0 157.0 93.0 118.0 223.0 84.0 268.0 184.0
173.0 137.0 475.0 147.0 467.0 429.0 389.0 382.0 209.0 478.0 43.0 44.0 186.0 149.0 0.0 188.0 334.0 77.0 183.0 151.0 170.0 373.0 163.0 430.0 95.0 206.0 190.0 259.0 146.0 109.0 239.0 313.0 90.0 328.0 251.0 68.0 220.0 125.0 64.0 187.0 46.0 233.0 520.0 179.0 200.0 272.0 208.0 31.0 75.0 65.0 120.0 36.0
114.0 324.0 289.0 41.0 281.0 243.0 203.0 393.0 32.0 664.0 230.0 146.0 373.0 127.0 188.0 0.0 521.0 112.0 370.0 66.0 87.0 186.0 178.0 617.0 160.0 122.0 377.0 446.0 93.0 296.0 425.0 500.0 123.0 142.0 438.0 255.0 407.0 90.0 237.0 373.0 191.0 100.0 333.0 28.0 59.0 284.0 220.0 157.0 262.0 190.0 307.0 223.0
506.0 204.0 808.0 480.0 800.0 762.0 722.0 715.0 542.0 331.0 292.0 377.0 302.0 482.0 334.0 521.0 0.0 410.0 199.0 483.0 503.0 705.0 496.0 280.0 428.0 538.0 208.0 231.0 479.0 260.0 307.0 26.0 444.0 661.0 223.0 307.0 114.0 457.0 389.0 255.0 371.0 566.0 852.0 548.0 533.0 605.0 541.0 364.0 315.0 398.0 328.0 352.0
97.0 213.0 398.0 71.0 391.0 352.0 313.0 342.0 133.0 553.0 119.0 35.0 262.0 109.0 77.0 112.0 410.0 0.0 259.0 74.0 94.0 296.0 123.0 506.0 55.0 129.0 266.0 335.0 70.0 184.0 314.0 389.0 28.0 252.0 327.0 143.0 295.0 66.0 132.0 262.0 87.0 157.0 443.0 139.0 123.0 232.0 168.0 53.0 151.0 70.0 196.0 93.0
355.0 53.0 657.0 329.0 649.0 611.0 571.0 564.0 391.0 523.0 141.0 226.0 154.0 331.0 183.0 370.0 199.0 259.0 0.0 332.0 352.0 555.0 345.0 475.0 277.0 387.0 57.0 177.0 328.0 109.0 156.0 177.0 293.0 510.0 75.0 156.0 65.0 307.0 239.0 104.0 220.0 415.0 701.0 398.0 382.0 454.0 390.0 213.0 164.0 247.0 134.0 201.0
49.0 287.0 352.0 48.0 344.0 306.0 266.0 328.0 97.0 627.0 192.0 109.0 335.0 61.0 151.0 66.0 483.0 74.0 332.0 0.0 22.0 249.0 113.0 580.0 122.0 57.0 340.0 409.0 28.0 258.0 388.0 462.0 59.0 205.0 400.0 217.0 369.0 90.0 199.0 336.0 195.0 83.0 396.0 61.0 49.0 219.0 155.0 160.0 224.0 152.0 270.0 185.0
26.0 306.0 372.0 64.0 365.0 326.0 287.0 348.0 118.0 647.0 212.0 128.0 355.0 81.0 170.0 87.0 503.0 94.0 352.0 22.0 0.0 270.0 132.0 599.0 141.0 36.0 359.0 428.0 48.0 278.0 407.0 482.0 79.0 226.0 420.0 237.0 389.0 105.0 219.0 355.0 214.0 64.0 417.0 59.0 30.0 238.0 174.0 179.0 244.0 172.0 289.0 205.0
297.0 509.0 101.0 226.0 95.0 66.0 109.0 577.0 216.0 849.0 414.0 331.0 558.0 310.0 373.0 186.0 705.0 296.0 555.0 249.0 270.0 0.0 361.0 802.0 344.0 306.0 561.0 631.0 277.0 480.0 610.0 684.0 307.0 116.0 622.0 439.0 591.0 275.0 421.0 558.0 417.0 211.0 131.0 212.0 242.0 467.0 403.0 382.0 446.0 374.0 492.0 407.0
111.0 299.0 463.0 187.0 456.0 417.0 378.0 220.0 209.0 640.0 205.0 158.0 348.0 51.0 163.0 178.0 496.0 123.0 345.0 113.0 132.0 361.0 0.0 592.0 69.0 157.0 352.0 421.0 91.0 271.0 400.0 475.0 106.0 318.0 413.0 230.0 382.0 221.0 100.0 348.0 145.0 196.0 509.0 174.0 162.0 111.0 36.0 133.0 237.0 98.0 282.0 198.0
602.0 302.0 904.0 576.0 896.0 858.0 818.0 811.0 638.0 49.0 388.0 473.0 579.0 578.0 430.0 617.0 280.0 506.0 475.0 580.0 599.0 802.0 592.0 0.0 524.0 634.0 484.0 180.0 575.0 356.0 216.0 303.0 540.0 757.0 499.0 403.0 391.0 553.0 486.0 244.0 467.0 662.0 948.0 645.0 629.0 701.0 637.0 460.0 411.0 494.0 429.0 448.0
106.0 231.0 446.0 118.0 438.0 400.0 360.0 287.0 180.0 572.0 137.0 89.0 280.0 54.0 95.0 160.0 428.0 55.0 277.0 122.0 141.0 344.0 69.0 524.0 0.0 151.0 284.0 353.0 77.0 203.0 332.0 407.0 76.0 299.0 345.0 162.0 314.0 153.0 77.0 280.0 77.0 204.0 490.0 187.0 171.0 178.0 114.0 64.0 169.0 30.0 214.0 130.0
45.0 342.0 408.0 88.0 254.0 362.0 226.0 372.0 153.0 682.0 247.0 164.0 390.0 105.0 206.0 122.0 538.0 129.0 387.0 57.0 36.0 306.0 157.0 634.0 151.0 0.0 394.0 463.0 72.0 313.0 443.0 517.0 107.0 163.0 455.0 272.0 424.0 130.0 227.0 391.0 250.0 36.0 277.0 95.0 66.0 262.0 198.0 215.0 279.0 180.0 325.0 240.0
362.0 60.0 664.0 336.0 656.0 618.0 578.0 571.0 398.0 532.0 148.0 233.0 204.0 338.0 190.0 377.0 208.0 266.0 57.0 340.0 359.0 561.0 352.0 484.0 284.0 394.0 0.0 125.0 335.0 116.0 145.0 187.0 300.0 517.0 92.0 163.0 70.0 313.0 245.0 93.0 227.0 422.0 708.0 404.0 389.0 461.0 397.0 220.0 171.0 254.0 184.0 208.0
431.0 131.0 733.0 405.0 725.0 687.0 647.0 640.0 467.0 227.0 217.0 302.0 278.0 407.0 259.0 446.0 231.0 335.0 177.0 409.0 428.0 631.0 421.0 180.0 353.0 463.0 125.0 0.0 404.0 185.0 62.0 254.0 369.0 586.0 245.0 232.0 214.0 383.0 315.0 73.0 296.0 491.0 777.0 474.0 458.0 530.0 466.0 289.0 240.0 323.0 258.0 277.0
27.0 282.0 379.0 91.0 371.0 333.0 293.0 306.0 125.0 622.0 188.0 104.0 331.0 40.0 146.0 93.0 479.0 70.0 328.0 28.0 48.0 277.0 91.0 575.0 77.0 72.0 335.0 404.0 0.0 253.0 383.0 458.0 35.0 233.0 396.0 212.0 364.0 130.0 154.0 331.0 153.0 111.0 424.0 89.0 77.0 197.0 133.0 107.0 220.0 107.0 265.0 148.0
280.0 64.0 582.0 255.0 574.0 536.0 496.0 489.0 316.0 404.0 67.0 152.0 209.0 256.0 109.0 296.0 260.0 184.0 109.0 258.0 278.0 480.0 271.0 356.0 203.0 313.0 116.0 185.0 253.0 0.0 165.0 239.0 218.0 436.0 177.0 56.0 146.0 232.0 128.0 113.0 145.0 341.0 627.0 323.0 307.0 380.0 316.0 138.0 89.0 172.0 112.0 127.0
410.0 110.0 712.0 384.0 704.0 666.0 626.0 619.0 446.0 263.0 196.0 281.0 258.0 386.0 239.0 425.0 307.0 314.0 156.0 388.0 407.0 610.0 400.0 216.0 332.0 443.0 145.0 62.0 383.0 165.0 0.0 286.0 348.0 565.0 224.0 211.0 192.0 361.0 293.0 52.0 275.0 470.0 756.0 452.0 436.0 509.0 445.0 267.0 218.0 302.0 237.0 256.0
485.0 182.0 786.0 459.0 779.0 740.0 700.0 693.0 521.0 350.0 271.0 356.0 281.0 460.0 313.0 500.0 26.0 389.0 177.0 462.0 482.0 684.0 475.0 303.0 407.0 517.0 187.0 254.0 458.0 239.0 286.0 0.0 419.0 637.0 198.0 282.0 90.0 433.0 365.0 230.0 346.0 541.0 828.0 524.0 508.0 580.0 516.0 339.0 290.0 373.0 304.0 328.0
62.0 247.0 409.0 82.0 402.0 363.0 323.0 324.0 144.0 588.0 153.0 69.0 296.0 75.0 90.0 123.0 444.0 28.0 293.0 59.0 79.0 307.0 106.0 540.0 76.0 107.0 300.0 369.0 35.0 218.0 348.0 419.0 0.0 253.0 361.0 178.0 330.0 106.0 154.0 296.0 110.0 142.0 444.0 120.0 108.0 214.0 150.0 76.0 185.0 107.0 230.0 116.0
253.0 464.0 161.0 182.0 92.0 201.0 64.0 533.0 172.0 805.0 370.0 287.0 513.0 266.0 328.0 142.0 661.0 252.0 510.0 205.0 226.0 116.0 318.0 757.0 299.0 163.0 517.0 586.0 233.0 436.0 565.0 637.0 253.0 0.0 578.0 395.0 547.0 231.0 377.0 514.0 373.0 130.0 135.0 168.0 198.0 423.0 359.0 338.0 402.0 330.0 447.0 363.0
423.0 120.0 724.0 397.0 717.0 678.0 639.0 631.0 459.0 547.0 209.0 294.0 86.0 398.0 251.0 438.0 223.0 327.0 75.0 400.0 420.0 622.0 413.0 499.0 345.0 455.0 92.0 245.0 396.0 177.0 224.0 198.0 361.0 578.0 0.0 224.0 109.0 374.0 306.0 172.0 288.0 483.0 769.0 465.0 449.0 522.0 458.0 280.0 200.0 315.0 144.0 234.0
239.0 110.0 541.0 214.0 533.0 495.0 455.0 448.0 275.0 451.0 26.0 111.0 168.0 215.0 68.0 255.0 307.0 143.0 156.0 217.0 237.0 439.0 230.0 403.0 162.0 272.0 163.0 232.0 212.0 56.0 211.0 282.0 178.0 395.0 224.0 0.0 193.0 191.0 123.0 160.0 104.0 300.0 586.0 282.0 266.0 339.0 275.0 97.0 48.0 131.0 102.0 86.0
391.0 89.0 693.0 366.0 685.0 647.0 607.0 600.0 427.0 439.0 178.0 263.0 188.0 367.0 220.0 407.0 114.0 295.0 65.0 369.0 389.0 591.0 382.0 391.0 314.0 424.0 70.0 214.0 364.0 146.0 192.0 90.0 330.0 547.0 109.0 193.0 0.0 343.0 275.0 141.0 256.0 451.0 738.0 434.0 418.0 491.0 427.0 249.0 200.0 283.0 214.0 238.0
123.0 261.0 377.0 49.0 369.0 331.0 291.0 440.0 84.0 601.0 166.0 83.0 310.0 169.0 125.0 90.0 457.0 66.0 307.0 90.0 105.0 275.0 221.0 553.0 153.0 130.0 313.0 383.0 130.0 232.0 361.0 433.0 106.0 231.0 374.0 191.0 343.0 0.0 188.0 310.0 169.0 144.0 422.0 88.0 111.0 331.0 267.0 134.0 198.0 183.0 244.0 159.0
183.0 193.0 523.0 196.0 515.0 477.0 437.0 291.0 257.0 533.0 98.0 107.0 242.0 131.0 64.0 237.0 389.0 132.0 239.0 199.0 219.0 421.0 100.0 486.0 77.0 227.0 245.0 315.0 154.0 128.0 293.0 365.0 154.0 377.0 306.0 123.0 275.0 188.0 0.0 242.0 19.0 281.0 568.0 264.0 248.0 254.0 107.0 67.0 131.0 47.0 176.0 99.0
358.0 58.0 660.0 332.0 652.0 614.0 574.0 567.0 394.0 291.0 144.0 230.0 206.0 334.0 187.0 373.0 255.0 262.0 104.0 336.0 355.0 558.0 348.0 244.0 280.0 391.0 93.0 73.0 331.0 113.0 52.0 230.0 296.0 514.0 172.0 160.0 141.0 310.0 242.0 0.0 223.0 418.0 705.0 401.0 385.0 457.0 393.0 216.0 167.0 250.0 185.0 205.0
182.0 174.0 519.0 153.0 511.0 473.0 433.0 363.0 205.0 514.0 80.0 72.0 223.0 131.0 46.0 191.0 371.0 87.0 220.0 195.0 214.0 417.0 145.0 467.0 77.0 250.0 227.0 296.0 153.0 145.0 275.0 346.0 110.0 373.0 288.0 104.0 256.0 169.0 19.0 223.0 0.0 277.0 564.0 199.0 244.0 254.0 190.0 48.0 112.0 47.0 157.0 80.0
89.0 369.0 313.0 97.0 220.0 267.0 193.0 411.0 131.0 710.0 275.0 191.0 418.0 144.0 233.0 100.0 566.0 157.0 415.0 83.0 64.0 211.0 196.0 662.0 204.0 36.0 422.0 491.0 111.0 341.0 470.0 541.0 142.0 130.0 483.0 300.0 451.0 144.0 281.0 418.0 277.0 0.0 244.0 73.0 44.0 301.0 237.0 242.0 307.0 235.0 352.0 268.0
444.0 656.0 67.0 373.0 53.0 73.0 73.0 724.0 363.0 996.0 561.0 478.0 704.0 457.0 520.0 333.0 852.0 443.0 701.0 396.0 417.0 131.0 509.0 948.0 490.0 277.0 708.0 777.0 424.0 627.0 756.0 828.0 444.0 135.0 769.0 586.0 738.0 422.0 568.0 705.0 564.0 244.0 0.0 359.0 389.0 614.0 550.0 529.0 593.0 521.0 639.0 554.0
85.0 352.0 314.0 47.0 306.0 268.0 228.0 389.0 59.0 692.0 258.0 174.0 401.0 122.0 179.0 28.0 548.0 139.0 398.0 61.0 59.0 212.0 174.0 645.0 187.0 95.0 404.0 474.0 89.0 323.0 452.0 524.0 120.0 168.0 465.0 282.0 434.0 88.0 264.0 401.0 199.0 73.0 359.0 0.0 30.0 279.0 215.0 165.0 290.0 218.0 335.0 205.0
56.0 336.0 344.0 52.0 336.0 298.0 258.0 377.0 90.0 676.0 242.0 158.0 385.0 111.0 200.0 59.0 533.0 123.0 382.0 49.0 30.0 242.0 162.0 629.0 171.0 66.0 389.0 458.0 77.0 307.0 436.0 508.0 108.0 198.0 449.0 266.0 418.0 111.0 248.0 385.0 244.0 44.0 389.0 30.0 0.0 268.0 204.0 170.0 273.0 201.0 319.0 234.0
217.0 408.0 569.0 296.0 562.0 523.0 484.0 86.0 315.0 749.0 314.0 267.0 457.0 157.0 272.0 284.0 605.0 232.0 454.0 219.0 238.0 467.0 111.0 701.0 178.0 262.0 461.0 530.0 197.0 380.0 509.0 580.0 214.0 423.0 522.0 339.0 491.0 331.0 254.0 457.0 254.0 301.0 614.0 279.0 268.0 0.0 79.0 242.0 346.0 208.0 392.0 307.0
153.0 344.0 505.0 232.0 498.0 459.0 420.0 188.0 251.0 685.0 250.0 203.0 393.0 93.0 208.0 220.0 541.0 168.0 390.0 155.0 174.0 403.0 36.0 637.0 114.0 198.0 397.0 466.0 133.0 316.0 445.0 516.0 150.0 359.0 458.0 275.0 427.0 267.0 107.0 393.0 190.0 237.0 550.0 215.0 204.0 79.0 0.0 176.0 281.0 142.0 326.0 241.0
170.0 167.0 484.0 118.0 476.0 438.0 398.0 351.0 171.0 507.0 73.0 38.0 216.0 118.0 31.0 157.0 364.0 53.0 213.0 160.0 179.0 382.0 133.0 460.0 64.0 215.0 220.0 289.0 107.0 138.0 267.0 339.0 76.0 338.0 280.0 97.0 249.0 134.0 67.0 216.0 48.0 242.0 529.0 165.0 170.0 242.0 176.0 0.0 105.0 34.0 150.0 65.0
247.0 90.0 548.0 221.0 541.0 502.0 463.0 455.0 283.0 458.0 33.0 118.0 123.0 223.0 75.0 262.0 315.0 151.0 164.0 224.0 244.0 446.0 237.0 411.0 169.0 279.0 171.0 240.0 220.0 89.0 218.0 290.0 185.0 402.0 200.0 48.0 200.0 198.0 131.0 167.0 112.0 307.0 593.0 290.0 273.0 346.0 281.0 105.0 0.0 139.0 57.0 45.0
136.0 201.0 476.0 149.0 468.0 430.0 390.0 317.0 210.0 542.0 107.0 55.0 250.0 84.0 65.0 190.0 398.0 70.0 247.0 152.0 172.0 374.0 98.0 494.0 30.0 180.0 254.0 323.0 107.0 172.0 302.0 373.0 107.0 330.0 315.0 131.0 283.0 183.0 47.0 250.0 47.0 235.0 521.0 218.0 201.0 208.0 142.0 34.0 139.0 0.0 184.0 100.0
292.0 100.0 594.0 266.0 586.0 548.0 508.0 501.0 328.0 477.0 77.0 163.0 67.0 268.0 120.0 307.0 328.0 196.0 134.0 270.0 289.0 492.0 282.0 429.0 214.0 325.0 184.0 258.0 265.0 112.0 237.0 304.0 230.0 447.0 144.0 102.0 214.0 244.0 176.0 185.0 157.0 352.0 639.0 335.0 319.0 392.0 326.0 150.0 57.0 184.0 0.0 91.0
208.0 155.0 509.0 182.0 502.0 463.0 424.0 416.0 244.0 496.0 61.0 79.0 157.0 184.0 36.0 223.0 352.0 93.0 201.0 185.0 205.0 407.0 198.0 448.0 130.0 240.0 208.0 277.0 148.0 127.0 256.0 328.0 116.0 363.0 234.0 86.0 238.0 159.0 99.0 205.0 80.0 268.0 554.0 205.0 234.0 307.0 241.0 65.0 45.0 100.0 91.0 0.0
EOF
