NAME : instance_location_17.dat
COMMENT : depots [132(Palmas), 11(Araguaína)]
TYPE : MDOVRP
NODES : 139
DEPOTS : 2
CAPACITY : 6758
MAX_TRAVEL_DIST : 180
EDGE_WEIGHT_TYPE : DIST
DEMAND_SECTION
0 154
1 283
2 0
3 0
4 595
5 579
6 226
7 280
8 0
9 461
10 729
11 0
12 374
13 0
14 458
15 682
16 0
17 256
18 0
19 693
20 205
21 232
22 0
23 305
24 219
25 150
26 0
27 0
28 138
29 414
30 0
31 0
32 0
33 373
34 178
35 0
36 204
37 2292
38 312
39 267
40 363
41 577
42 138
43 350
44 0
45 507
46 502
47 0
48 522
49 280
50 0
51 507
52 1241
53 170
54 343
55 694
56 1785
57 0
58 116
59 437
60 386
61 218
62 169
63 309
64 137
65 603
66 205
67 204
68 128
69 241
70 203
71 316
72 98
73 199
74 1270
75 949
76 0
77 0
78 366
79 0
80 593
81 263
82 0
83 0
84 291
85 167
86 0
87 67
88 317
89 573
90 0
91 603
92 292
93 704
94 824
95 398
96 611
97 291
98 203
99 505
100 298
101 434
102 0
103 0
104 0
105 256
106 0
107 203
108 318
109 0
110 188
111 392
112 0
113 245
114 416
115 234
116 149
117 301
118 154
119 152
120 255
121 77
122 0
123 185
124 0
125 303
126 365
127 0
128 0
129 1104
130 133
131 209
132 0
133 349
134 1456
135 121
136 177
137 0
138 710
DEPOT_SECTION
149.0 503.0 172.0 302.0 312.0 500.0 511.0 78.0 421.0 292.0 408.0 386.0 475.0 619.0 386.0 422.0 635.0 490.0 613.0 447.0 324.0 418.0 82.0 351.0 180.0 241.0 110.0 664.0 550.0 475.0 242.0 413.0 662.0 255.0 300.0 103.0 220.0 278.0 493.0 319.0 310.0 145.0 172.0 463.0 347.0 127.0 193.0 220.0 710.0 135.0 272.0 460.0 286.0 165.0 259.0 388.0 190.0 222.0 132.0 281.0 598.0 277.0 249.0 368.0 335.0 199.0 123.0 65.0 496.0 225.0 536.0 178.0 313.0 577.0 88.0 109.0 103.0 91.0 485.0 401.0 229.0 525.0 327.0 112.0 98.0 476.0 382.0 129.0 363.0 454.0 68.0 357.0 425.0 221.0 295.0 253.0 226.0 215.0 448.0 129.0 426.0 157.0 318.0 68.0 649.0 229.0 97.0 354.0 494.0 373.0 133.0 157.0 651.0 396.0 454.0 270.0 146.0 167.0 85.0 517.0 586.0 199.0 641.0 415.0 672.0 297.0 127.0 649.0 279.0 466.0 362.0 348.0 0.0 90.0 535.0 218.0 277.0 437.0 504.0
347.0 121.0 485.0 674.0 623.0 118.0 128.0 381.0 43.0 339.0 720.0 0.0 97.0 236.0 158.0 795.0 252.0 862.0 231.0 63.0 96.0 94.0 313.0 140.0 254.0 146.0 483.0 281.0 168.0 240.0 555.0 29.0 279.0 425.0 373.0 393.0 592.0 108.0 865.0 691.0 217.0 434.0 462.0 81.0 719.0 371.0 306.0 532.0 327.0 424.0 584.0 106.0 597.0 221.0 263.0 153.0 196.0 535.0 504.0 195.0 215.0 203.0 196.0 681.0 203.0 488.0 496.0 321.0 869.0 515.0 153.0 423.0 686.0 195.0 300.0 277.0 476.0 376.0 103.0 49.0 602.0 142.0 59.0 404.0 422.0 848.0 754.0 419.0 131.0 743.0 359.0 729.0 196.0 252.0 607.0 250.0 230.0 584.0 65.0 419.0 798.0 529.0 690.0 440.0 266.0 164.0 387.0 385.0 111.0 745.0 254.0 340.0 268.0 708.0 61.0 301.0 436.0 539.0 457.0 134.0 203.0 568.0 258.0 726.0 289.0 669.0 499.0 267.0 591.0 816.0 734.0 660.0 386.0 303.0 149.0 247.0 172.0 51.0 118.0
DEPOT_VEHICLES_SECTION
4
3
NODE_COORD_SECTION
0.0 466.0 210.0 439.0 348.0 463.0 473.0 225.0 384.0 145.0 445.0 347.0 437.0 581.0 348.0 559.0 597.0 625.0 576.0 409.0 286.0 380.0 72.0 273.0 185.0 203.0 205.0 626.0 513.0 480.0 279.0 376.0 625.0 152.0 304.0 117.0 356.0 241.0 628.0 454.0 203.0 158.0 186.0 426.0 484.0 23.0 44.0 256.0 673.0 149.0 308.0 452.0 321.0 127.0 115.0 393.0 153.0 259.0 268.0 285.0 560.0 239.0 172.0 406.0 228.0 198.0 270.0 120.0 633.0 426.0 498.0 75.0 460.0 539.0 99.0 75.0 253.0 58.0 447.0 364.0 366.0 487.0 289.0 128.0 266.0 611.0 517.0 143.0 324.0 467.0 83.0 457.0 386.0 183.0 331.0 145.0 149.0 351.0 410.0 144.0 561.0 303.0 453.0 212.0 611.0 187.0 111.0 315.0 456.0 509.0 95.0 171.0 613.0 432.0 377.0 232.0 160.0 302.0 233.0 478.0 548.0 411.0 603.0 450.0 634.0 398.0 263.0 612.0 315.0 578.0 497.0 385.0 149.0 101.0 494.0 177.0 236.0 397.0 464.0
466.0 0.0 603.0 792.0 742.0 97.0 69.0 500.0 162.0 457.0 838.0 121.0 183.0 152.0 276.0 913.0 186.0 980.0 164.0 130.0 214.0 192.0 431.0 257.0 372.0 264.0 600.0 198.0 84.0 265.0 673.0 154.0 213.0 659.0 491.0 511.0 710.0 226.0 983.0 809.0 335.0 552.0 580.0 40.0 837.0 530.0 423.0 649.0 274.0 542.0 702.0 104.0 724.0 339.0 381.0 159.0 314.0 653.0 622.0 225.0 96.0 321.0 314.0 799.0 320.0 606.0 614.0 439.0 987.0 610.0 70.0 541.0 804.0 75.0 418.0 394.0 594.0 494.0 25.0 182.0 719.0 37.0 177.0 522.0 540.0 966.0 872.0 536.0 252.0 861.0 477.0 847.0 314.0 370.0 725.0 375.0 348.0 705.0 120.0 537.0 916.0 647.0 808.0 558.0 200.0 282.0 504.0 503.0 107.0 775.0 372.0 458.0 202.0 825.0 194.0 419.0 554.0 657.0 575.0 36.0 120.0 686.0 140.0 844.0 236.0 787.0 617.0 149.0 709.0 956.0 852.0 778.0 503.0 420.0 30.0 364.0 290.0 71.0 160.0
210.0 603.0 0.0 334.0 139.0 600.0 610.0 234.0 521.0 354.0 236.0 485.0 575.0 718.0 486.0 399.0 734.0 466.0 713.0 547.0 424.0 518.0 173.0 451.0 322.0 341.0 62.0 764.0 650.0 664.0 70.0 513.0 762.0 316.0 442.0 163.0 252.0 378.0 469.0 343.0 410.0 115.0 24.0 563.0 379.0 188.0 254.0 49.0 810.0 63.0 99.0 560.0 122.0 265.0 359.0 577.0 290.0 51.0 55.0 421.0 698.0 377.0 349.0 197.0 435.0 134.0 256.0 224.0 473.0 428.0 636.0 239.0 398.0 677.0 233.0 210.0 148.0 152.0 585.0 541.0 258.0 624.0 427.0 84.0 267.0 452.0 414.0 68.0 461.0 258.0 127.0 248.0 524.0 320.0 122.0 353.0 326.0 246.0 548.0 132.0 458.0 241.0 350.0 107.0 749.0 328.0 99.0 453.0 593.0 405.0 233.0 305.0 750.0 232.0 553.0 369.0 51.0 199.0 216.0 616.0 686.0 396.0 741.0 242.0 772.0 189.0 159.0 749.0 82.0 419.0 394.0 176.0 172.0 236.0 632.0 315.0 374.0 534.0 601.0
439.0 792.0 334.0 0.0 279.0 789.0 799.0 364.0 710.0 582.0 374.0 674.0 764.0 907.0 675.0 181.0 923.0 210.0 902.0 736.0 613.0 706.0 380.0 640.0 511.0 529.0 272.0 953.0 839.0 764.0 303.0 702.0 951.0 543.0 630.0 391.0 83.0 567.0 231.0 88.0 599.0 346.0 336.0 752.0 45.0 417.0 481.0 381.0 999.0 298.0 318.0 749.0 355.0 454.0 548.0 677.0 479.0 282.0 186.0 610.0 886.0 566.0 524.0 256.0 624.0 398.0 208.0 354.0 225.0 436.0 825.0 466.0 248.0 866.0 377.0 399.0 230.0 381.0 774.0 730.0 76.0 813.0 615.0 313.0 276.0 246.0 80.0 297.0 650.0 263.0 356.0 167.0 713.0 509.0 212.0 541.0 515.0 97.0 737.0 361.0 124.0 153.0 16.0 237.0 937.0 517.0 328.0 600.0 782.0 71.0 422.0 370.0 939.0 424.0 703.0 558.0 310.0 136.0 226.0 805.0 875.0 328.0 930.0 225.0 961.0 144.0 178.0 938.0 272.0 164.0 74.0 314.0 302.0 376.0 820.0 504.0 563.0 723.0 790.0
348.0 742.0 139.0 279.0 0.0 739.0 749.0 373.0 660.0 493.0 97.0 623.0 713.0 857.0 624.0 345.0 873.0 412.0 852.0 685.0 562.0 656.0 311.0 589.0 461.0 479.0 202.0 902.0 789.0 802.0 70.0 652.0 900.0 455.0 580.0 301.0 213.0 517.0 415.0 290.0 548.0 256.0 162.0 702.0 324.0 326.0 392.0 165.0 948.0 201.0 41.0 698.0 103.0 403.0 497.0 669.0 428.0 90.0 199.0 560.0 836.0 516.0 474.0 105.0 574.0 273.0 395.0 363.0 419.0 567.0 774.0 377.0 527.0 815.0 372.0 348.0 288.0 290.0 724.0 640.0 204.0 763.0 565.0 223.0 407.0 398.0 359.0 206.0 600.0 159.0 266.0 194.0 663.0 458.0 99.0 491.0 464.0 290.0 686.0 270.0 403.0 380.0 295.0 246.0 887.0 462.0 238.0 591.0 732.0 350.0 371.0 444.0 889.0 147.0 653.0 508.0 189.0 266.0 356.0 755.0 824.0 535.0 879.0 200.0 910.0 135.0 298.0 888.0 85.0 366.0 332.0 38.0 312.0 374.0 770.0 453.0 512.0 672.0 739.0
463.0 97.0 600.0 789.0 739.0 0.0 29.0 497.0 159.0 454.0 835.0 118.0 100.0 112.0 273.0 910.0 128.0 999.0 107.0 128.0 211.0 212.0 428.0 255.0 369.0 261.0 598.0 157.0 39.0 358.0 670.0 151.0 155.0 540.0 488.0 508.0 707.0 223.0 980.0 807.0 332.0 549.0 577.0 75.0 834.0 527.0 421.0 647.0 203.0 539.0 699.0 199.0 722.0 336.0 378.0 271.0 311.0 650.0 619.0 362.0 148.0 318.0 311.0 796.0 318.0 603.0 611.0 436.0 984.0 640.0 54.0 538.0 801.0 109.0 415.0 392.0 591.0 491.0 95.0 179.0 717.0 61.0 174.0 519.0 537.0 963.0 869.0 534.0 249.0 858.0 474.0 844.0 311.0 367.0 722.0 372.0 345.0 699.0 67.0 534.0 913.0 644.0 805.0 555.0 142.0 279.0 502.0 500.0 13.0 860.0 369.0 455.0 144.0 823.0 191.0 416.0 551.0 654.0 572.0 68.0 79.0 683.0 131.0 841.0 165.0 784.0 614.0 121.0 706.0 953.0 849.0 775.0 500.0 418.0 96.0 362.0 287.0 69.0 77.0
473.0 69.0 610.0 799.0 749.0 29.0 0.0 507.0 169.0 464.0 845.0 128.0 127.0 108.0 283.0 920.0 124.0 987.0 103.0 137.0 221.0 222.0 438.0 265.0 379.0 271.0 608.0 153.0 40.0 332.0 680.0 161.0 152.0 666.0 498.0 518.0 717.0 233.0 990.0 816.0 342.0 559.0 587.0 47.0 844.0 537.0 431.0 657.0 200.0 549.0 709.0 171.0 722.0 346.0 388.0 226.0 321.0 660.0 629.0 292.0 144.0 328.0 321.0 806.0 328.0 613.0 621.0 446.0 994.0 677.0 26.0 548.0 811.0 77.0 425.0 401.0 601.0 501.0 67.0 189.0 727.0 33.0 184.0 529.0 547.0 973.0 879.0 544.0 259.0 868.0 484.0 854.0 321.0 377.0 732.0 382.0 355.0 709.0 94.0 544.0 923.0 654.0 815.0 565.0 138.0 289.0 512.0 510.0 40.0 870.0 379.0 465.0 140.0 833.0 201.0 426.0 561.0 664.0 582.0 40.0 75.0 693.0 128.0 851.0 161.0 794.0 624.0 117.0 716.0 941.0 859.0 785.0 511.0 427.0 68.0 372.0 297.0 78.0 103.0
225.0 500.0 234.0 364.0 373.0 497.0 507.0 0.0 417.0 288.0 470.0 381.0 471.0 615.0 382.0 485.0 631.0 552.0 610.0 443.0 320.0 414.0 160.0 347.0 162.0 237.0 172.0 660.0 547.0 560.0 304.0 409.0 658.0 332.0 281.0 180.0 283.0 275.0 555.0 381.0 306.0 221.0 236.0 460.0 325.0 204.0 187.0 283.0 706.0 199.0 334.0 487.0 348.0 161.0 255.0 370.0 186.0 285.0 194.0 263.0 594.0 273.0 246.0 431.0 332.0 276.0 99.0 129.0 560.0 204.0 532.0 255.0 269.0 573.0 83.0 106.0 166.0 168.0 482.0 398.0 291.0 521.0 323.0 191.0 44.0 538.0 445.0 198.0 358.0 492.0 146.0 420.0 421.0 161.0 357.0 249.0 222.0 180.0 444.0 206.0 404.0 138.0 380.0 130.0 645.0 220.0 173.0 293.0 490.0 436.0 129.0 106.0 647.0 459.0 449.0 209.0 211.0 230.0 76.0 513.0 582.0 148.0 637.0 477.0 668.0 360.0 190.0 645.0 341.0 529.0 425.0 411.0 78.0 80.0 528.0 163.0 270.0 430.0 497.0
384.0 162.0 521.0 710.0 660.0 159.0 169.0 417.0 0.0 380.0 756.0 43.0 106.0 277.0 130.0 830.0 293.0 919.0 272.0 109.0 131.0 140.0 349.0 142.0 290.0 181.0 518.0 322.0 209.0 286.0 590.0 45.0 320.0 576.0 409.0 429.0 628.0 144.0 901.0 727.0 252.0 470.0 498.0 122.0 755.0 407.0 341.0 567.0 287.0 460.0 619.0 152.0 642.0 257.0 299.0 199.0 232.0 571.0 540.0 283.0 256.0 239.0 232.0 717.0 238.0 524.0 531.0 357.0 905.0 551.0 194.0 499.0 722.0 235.0 336.0 312.0 512.0 412.0 144.0 21.0 637.0 183.0 95.0 440.0 458.0 884.0 790.0 454.0 177.0 778.0 395.0 764.0 131.0 287.0 643.0 293.0 266.0 620.0 106.0 455.0 834.0 565.0 726.0 476.0 307.0 200.0 422.0 420.0 152.0 781.0 289.0 376.0 309.0 743.0 33.0 337.0 472.0 575.0 493.0 175.0 244.0 604.0 299.0 762.0 330.0 653.0 535.0 308.0 627.0 873.0 770.0 696.0 421.0 338.0 190.0 282.0 208.0 92.0 132.0
145.0 457.0 354.0 582.0 493.0 454.0 464.0 288.0 380.0 0.0 589.0 339.0 436.0 572.0 254.0 702.0 595.0 790.0 574.0 400.0 277.0 373.0 219.0 216.0 209.0 200.0 349.0 625.0 504.0 519.0 424.0 374.0 623.0 87.0 328.0 262.0 499.0 240.0 771.0 597.0 96.0 303.0 331.0 417.0 625.0 168.0 101.0 400.0 664.0 293.0 453.0 415.0 475.0 176.0 87.0 438.0 151.0 404.0 412.0 282.0 559.0 238.0 139.0 550.0 172.0 342.0 402.0 227.0 776.0 453.0 490.0 158.0 592.0 531.0 206.0 182.0 396.0 203.0 439.0 336.0 507.0 478.0 288.0 273.0 328.0 756.0 662.0 287.0 323.0 611.0 228.0 601.0 293.0 207.0 476.0 89.0 116.0 493.0 401.0 288.0 705.0 435.0 596.0 355.0 602.0 184.0 255.0 340.0 454.0 563.0 197.0 278.0 604.0 576.0 348.0 256.0 305.0 447.0 364.0 470.0 540.0 474.0 594.0 595.0 633.0 542.0 406.0 611.0 460.0 744.0 640.0 529.0 292.0 208.0 485.0 201.0 233.0 388.0 462.0
445.0 838.0 236.0 374.0 97.0 835.0 845.0 470.0 756.0 589.0 0.0 720.0 810.0 953.0 721.0 440.0 969.0 508.0 948.0 782.0 659.0 753.0 408.0 686.0 558.0 576.0 298.0 999.0 886.0 852.0 167.0 748.0 997.0 526.0 677.0 398.0 309.0 614.0 511.0 385.0 645.0 352.0 259.0 799.0 419.0 423.0 489.0 221.0 1045.0 298.0 138.0 795.0 156.0 500.0 594.0 812.0 525.0 187.0 296.0 656.0 933.0 612.0 571.0 193.0 671.0 315.0 492.0 460.0 515.0 664.0 871.0 474.0 623.0 912.0 468.0 445.0 384.0 387.0 820.0 737.0 299.0 859.0 662.0 319.0 503.0 494.0 455.0 303.0 697.0 262.0 362.0 290.0 759.0 555.0 195.0 588.0 561.0 386.0 783.0 367.0 498.0 477.0 390.0 343.0 984.0 563.0 334.0 688.0 828.0 445.0 468.0 540.0 986.0 53.0 788.0 604.0 286.0 361.0 454.0 851.0 921.0 632.0 976.0 303.0 1007.0 231.0 395.0 984.0 182.0 461.0 428.0 133.0 408.0 471.0 867.0 550.0 609.0 769.0 836.0
347.0 121.0 485.0 674.0 623.0 118.0 128.0 381.0 43.0 339.0 720.0 0.0 97.0 236.0 158.0 795.0 252.0 862.0 231.0 63.0 96.0 94.0 313.0 140.0 254.0 146.0 483.0 281.0 168.0 240.0 555.0 29.0 279.0 425.0 373.0 393.0 592.0 108.0 865.0 691.0 217.0 434.0 462.0 81.0 719.0 371.0 306.0 532.0 327.0 424.0 584.0 106.0 597.0 221.0 263.0 153.0 196.0 535.0 504.0 195.0 215.0 203.0 196.0 681.0 203.0 488.0 496.0 321.0 869.0 515.0 153.0 423.0 686.0 195.0 300.0 277.0 476.0 376.0 103.0 49.0 602.0 142.0 59.0 404.0 422.0 848.0 754.0 419.0 131.0 743.0 359.0 729.0 196.0 252.0 607.0 250.0 230.0 584.0 65.0 419.0 798.0 529.0 690.0 440.0 266.0 164.0 387.0 385.0 111.0 745.0 254.0 340.0 268.0 708.0 61.0 301.0 436.0 539.0 457.0 134.0 203.0 568.0 258.0 726.0 289.0 669.0 499.0 267.0 591.0 816.0 734.0 660.0 386.0 303.0 149.0 247.0 172.0 51.0 118.0
437.0 183.0 575.0 764.0 713.0 100.0 127.0 471.0 106.0 436.0 810.0 97.0 0.0 233.0 247.0 884.0 249.0 951.0 228.0 173.0 185.0 194.0 403.0 229.0 344.0 235.0 572.0 279.0 138.0 340.0 644.0 62.0 277.0 514.0 463.0 482.0 681.0 197.0 954.0 781.0 306.0 523.0 552.0 143.0 809.0 460.0 395.0 621.0 180.0 514.0 673.0 206.0 686.0 311.0 352.0 253.0 286.0 624.0 594.0 295.0 269.0 292.0 285.0 771.0 292.0 578.0 585.0 411.0 958.0 605.0 151.0 512.0 776.0 230.0 389.0 366.0 565.0 466.0 165.0 127.0 691.0 158.0 148.0 493.0 512.0 938.0 844.0 508.0 231.0 832.0 448.0 818.0 286.0 341.0 696.0 339.0 320.0 676.0 77.0 509.0 887.0 618.0 779.0 529.0 264.0 254.0 476.0 474.0 88.0 747.0 343.0 429.0 265.0 797.0 138.0 390.0 525.0 629.0 546.0 165.0 201.0 658.0 253.0 815.0 287.0 759.0 588.0 243.0 680.0 927.0 823.0 750.0 475.0 392.0 193.0 336.0 262.0 114.0 25.0
581.0 152.0 718.0 907.0 857.0 112.0 108.0 615.0 277.0 572.0 953.0 236.0 233.0 0.0 391.0 1028.0 35.0 1095.0 56.0 245.0 329.0 330.0 546.0 373.0 487.0 379.0 716.0 47.0 73.0 416.0 788.0 269.0 60.0 700.0 606.0 626.0 825.0 341.0 1098.0 924.0 450.0 667.0 695.0 155.0 952.0 604.0 538.0 764.0 93.0 657.0 817.0 254.0 830.0 454.0 496.0 310.0 429.0 768.0 737.0 431.0 98.0 436.0 429.0 914.0 436.0 721.0 729.0 554.0 1102.0 760.0 82.0 656.0 919.0 120.0 533.0 509.0 709.0 609.0 157.0 297.0 835.0 116.0 292.0 637.0 655.0 1081.0 987.0 652.0 367.0 976.0 592.0 962.0 429.0 485.0 840.0 483.0 463.0 817.0 200.0 652.0 1031.0 762.0 923.0 673.0 47.0 397.0 619.0 618.0 147.0 890.0 487.0 573.0 49.0 941.0 309.0 534.0 669.0 772.0 690.0 123.0 44.0 801.0 82.0 959.0 55.0 850.0 732.0 72.0 824.0 1048.0 967.0 893.0 619.0 535.0 152.0 479.0 405.0 186.0 210.0
348.0 276.0 486.0 675.0 624.0 273.0 283.0 382.0 130.0 254.0 721.0 158.0 247.0 391.0 0.0 795.0 407.0 862.0 386.0 219.0 62.0 215.0 314.0 39.0 255.0 146.0 483.0 436.0 323.0 361.0 555.0 186.0 434.0 340.0 374.0 393.0 592.0 108.0 865.0 692.0 87.0 434.0 462.0 236.0 720.0 333.0 265.0 532.0 482.0 425.0 584.0 263.0 597.0 221.0 161.0 274.0 197.0 535.0 505.0 248.0 370.0 203.0 140.0 682.0 63.0 489.0 496.0 322.0 869.0 516.0 308.0 385.0 687.0 349.0 300.0 277.0 476.0 377.0 258.0 109.0 602.0 297.0 99.0 404.0 423.0 849.0 755.0 419.0 192.0 743.0 359.0 729.0 39.0 252.0 607.0 165.0 155.0 584.0 220.0 420.0 798.0 529.0 690.0 440.0 421.0 165.0 387.0 385.0 266.0 658.0 254.0 340.0 423.0 708.0 91.0 301.0 436.0 540.0 457.0 289.0 358.0 569.0 413.0 726.0 444.0 670.0 500.0 422.0 591.0 816.0 734.0 661.0 386.0 303.0 304.0 247.0 173.0 206.0 273.0
559.0 913.0 399.0 181.0 345.0 910.0 920.0 485.0 830.0 702.0 440.0 795.0 884.0 1028.0 795.0 0.0 1044.0 91.0 1022.0 856.0 733.0 827.0 501.0 760.0 590.0 650.0 393.0 1073.0 960.0 885.0 369.0 822.0 1071.0 666.0 709.0 512.0 204.0 688.0 71.0 105.0 719.0 467.0 456.0 873.0 177.0 535.0 601.0 365.0 1119.0 419.0 384.0 869.0 421.0 574.0 668.0 886.0 599.0 347.0 306.0 690.0 1007.0 686.0 659.0 305.0 745.0 521.0 392.0 474.0 75.0 620.0 945.0 588.0 450.0 986.0 497.0 519.0 350.0 500.0 894.0 811.0 194.0 933.0 736.0 434.0 459.0 54.0 222.0 417.0 771.0 245.0 477.0 151.0 833.0 589.0 277.0 662.0 635.0 281.0 857.0 481.0 177.0 337.0 170.0 357.0 1058.0 633.0 449.0 720.0 902.0 285.0 542.0 565.0 1060.0 489.0 823.0 678.0 430.0 256.0 410.0 925.0 995.0 529.0 1050.0 206.0 1081.0 258.0 299.0 1059.0 337.0 137.0 147.0 372.0 422.0 496.0 941.0 590.0 683.0 843.0 910.0
597.0 186.0 734.0 923.0 873.0 128.0 124.0 631.0 293.0 595.0 969.0 252.0 249.0 35.0 407.0 1044.0 0.0 1111.0 21.0 261.0 345.0 369.0 562.0 389.0 503.0 395.0 732.0 43.0 90.0 443.0 804.0 285.0 28.0 734.0 622.0 642.0 841.0 357.0 1114.0 941.0 466.0 683.0 711.0 171.0 968.0 620.0 555.0 781.0 89.0 673.0 833.0 281.0 846.0 470.0 512.0 337.0 445.0 784.0 753.0 496.0 64.0 452.0 445.0 930.0 452.0 737.0 745.0 570.0 1118.0 787.0 99.0 672.0 935.0 85.0 549.0 526.0 725.0 625.0 173.0 313.0 851.0 132.0 308.0 653.0 671.0 1097.0 1003.0 668.0 406.0 992.0 608.0 978.0 445.0 501.0 856.0 499.0 479.0 833.0 217.0 668.0 1047.0 778.0 939.0 689.0 15.0 413.0 636.0 634.0 163.0 906.0 503.0 589.0 16.0 957.0 325.0 550.0 685.0 788.0 706.0 140.0 78.0 817.0 47.0 975.0 51.0 866.0 748.0 37.0 840.0 1087.0 983.0 909.0 635.0 552.0 160.0 496.0 421.0 202.0 226.0
625.0 980.0 466.0 210.0 412.0 999.0 987.0 552.0 919.0 790.0 508.0 862.0 951.0 1095.0 862.0 91.0 1111.0 0.0 1091.0 924.0 801.0 895.0 569.0 828.0 658.0 718.0 461.0 1141.0 1049.0 1015.0 437.0 891.0 1139.0 732.0 777.0 580.0 293.0 756.0 22.0 173.0 788.0 535.0 489.0 941.0 167.0 626.0 670.0 514.0 1187.0 487.0 452.0 937.0 489.0 642.0 736.0 866.0 667.0 416.0 374.0 819.0 1075.0 755.0 727.0 374.0 813.0 589.0 379.0 542.0 17.0 772.0 1013.0 655.0 359.0 1054.0 589.0 587.0 418.0 568.0 963.0 940.0 263.0 1022.0 804.0 522.0 446.0 37.0 132.0 485.0 839.0 313.0 565.0 219.0 902.0 657.0 345.0 730.0 724.0 302.0 925.0 550.0 87.0 324.0 194.0 426.0 1126.0 701.0 517.0 789.0 971.0 195.0 631.0 540.0 1128.0 557.0 892.0 705.0 498.0 325.0 397.0 994.0 1063.0 439.0 1118.0 275.0 1149.0 327.0 367.0 1127.0 405.0 47.0 135.0 440.0 490.0 564.0 1009.0 659.0 772.0 911.0 978.0
576.0 164.0 713.0 902.0 852.0 107.0 103.0 610.0 272.0 574.0 948.0 231.0 228.0 56.0 386.0 1022.0 21.0 1091.0 0.0 240.0 324.0 348.0 541.0 367.0 482.0 374.0 710.0 64.0 68.0 421.0 783.0 264.0 49.0 653.0 601.0 621.0 820.0 336.0 1093.0 919.0 445.0 662.0 690.0 150.0 947.0 640.0 533.0 759.0 110.0 652.0 812.0 260.0 825.0 449.0 491.0 316.0 424.0 763.0 732.0 449.0 42.0 431.0 424.0 909.0 430.0 716.0 724.0 549.0 1097.0 766.0 77.0 651.0 914.0 64.0 528.0 504.0 704.0 604.0 193.0 292.0 829.0 111.0 287.0 632.0 650.0 1076.0 982.0 646.0 385.0 971.0 587.0 957.0 424.0 480.0 835.0 485.0 458.0 812.0 195.0 647.0 1026.0 757.0 918.0 668.0 36.0 392.0 614.0 613.0 141.0 885.0 482.0 568.0 37.0 944.0 304.0 529.0 664.0 767.0 685.0 118.0 66.0 796.0 26.0 954.0 72.0 845.0 727.0 16.0 819.0 1066.0 962.0 888.0 613.0 530.0 139.0 474.0 400.0 181.0 205.0
409.0 130.0 547.0 736.0 685.0 128.0 137.0 443.0 109.0 400.0 782.0 63.0 173.0 245.0 219.0 856.0 261.0 924.0 240.0 0.0 157.0 77.0 375.0 201.0 316.0 207.0 544.0 290.0 177.0 243.0 616.0 101.0 288.0 486.0 311.0 455.0 654.0 170.0 927.0 753.0 278.0 496.0 524.0 90.0 781.0 474.0 367.0 593.0 336.0 486.0 645.0 33.0 668.0 283.0 325.0 156.0 258.0 597.0 566.0 198.0 224.0 189.0 258.0 743.0 264.0 550.0 557.0 383.0 930.0 561.0 162.0 484.0 748.0 203.0 362.0 338.0 538.0 438.0 112.0 129.0 663.0 151.0 121.0 466.0 484.0 910.0 816.0 480.0 134.0 804.0 421.0 790.0 258.0 313.0 669.0 312.0 292.0 646.0 111.0 481.0 860.0 591.0 752.0 502.0 275.0 226.0 448.0 446.0 120.0 719.0 315.0 402.0 277.0 769.0 141.0 363.0 498.0 601.0 518.0 143.0 212.0 630.0 267.0 788.0 298.0 731.0 561.0 275.0 653.0 877.0 796.0 722.0 447.0 364.0 158.0 308.0 190.0 59.0 149.0
286.0 214.0 424.0 613.0 562.0 211.0 221.0 320.0 131.0 277.0 659.0 96.0 185.0 329.0 62.0 733.0 345.0 801.0 324.0 157.0 0.0 153.0 252.0 44.0 193.0 84.0 421.0 374.0 261.0 299.0 493.0 124.0 372.0 363.0 312.0 331.0 531.0 36.0 803.0 630.0 129.0 373.0 401.0 174.0 658.0 309.0 244.0 470.0 420.0 363.0 522.0 201.0 545.0 159.0 202.0 247.0 135.0 473.0 443.0 186.0 308.0 142.0 134.0 620.0 105.0 427.0 434.0 260.0 807.0 454.0 246.0 361.0 625.0 288.0 238.0 215.0 414.0 315.0 196.0 152.0 540.0 235.0 37.0 342.0 361.0 787.0 693.0 357.0 89.0 681.0 297.0 667.0 101.0 190.0 545.0 188.0 169.0 522.0 158.0 358.0 736.0 467.0 628.0 378.0 359.0 103.0 325.0 323.0 204.0 596.0 192.0 278.0 361.0 646.0 120.0 239.0 374.0 478.0 395.0 227.0 296.0 507.0 351.0 664.0 382.0 555.0 438.0 360.0 530.0 754.0 672.0 599.0 324.0 241.0 242.0 185.0 138.0 144.0 211.0
380.0 192.0 518.0 706.0 656.0 212.0 222.0 414.0 140.0 373.0 753.0 94.0 194.0 330.0 215.0 827.0 369.0 895.0 348.0 77.0 153.0 0.0 346.0 215.0 205.0 179.0 515.0 375.0 262.0 146.0 587.0 132.0 397.0 459.0 215.0 426.0 625.0 143.0 898.0 724.0 251.0 467.0 495.0 175.0 752.0 404.0 338.0 564.0 421.0 457.0 616.0 48.0 639.0 254.0 296.0 59.0 229.0 568.0 537.0 101.0 309.0 146.0 229.0 714.0 237.0 521.0 529.0 354.0 902.0 368.0 247.0 455.0 535.0 265.0 333.0 309.0 509.0 409.0 197.0 160.0 634.0 227.0 117.0 437.0 455.0 881.0 787.0 451.0 83.0 775.0 392.0 762.0 254.0 208.0 640.0 284.0 263.0 619.0 159.0 452.0 831.0 562.0 723.0 473.0 384.0 197.0 419.0 216.0 205.0 690.0 286.0 297.0 386.0 749.0 172.0 155.0 469.0 572.0 491.0 228.0 297.0 456.0 324.0 759.0 383.0 650.0 532.0 332.0 624.0 848.0 767.0 693.0 418.0 335.0 243.0 279.0 150.0 145.0 212.0
72.0 431.0 173.0 380.0 311.0 428.0 438.0 160.0 349.0 219.0 408.0 313.0 403.0 546.0 314.0 501.0 562.0 569.0 541.0 375.0 252.0 346.0 0.0 279.0 151.0 169.0 178.0 592.0 478.0 445.0 242.0 341.0 590.0 228.0 270.0 81.0 298.0 207.0 570.0 400.0 238.0 122.0 150.0 392.0 425.0 100.0 119.0 219.0 638.0 112.0 271.0 388.0 294.0 93.0 187.0 405.0 118.0 222.0 213.0 249.0 526.0 205.0 178.0 369.0 263.0 176.0 203.0 83.0 574.0 359.0 464.0 151.0 394.0 505.0 61.0 38.0 184.0 64.0 413.0 330.0 307.0 452.0 255.0 91.0 199.0 554.0 463.0 106.0 290.0 430.0 46.0 420.0 352.0 148.0 294.0 181.0 154.0 292.0 376.0 107.0 504.0 237.0 396.0 148.0 577.0 152.0 74.0 281.0 421.0 454.0 61.0 133.0 579.0 395.0 342.0 197.0 123.0 245.0 164.0 444.0 514.0 343.0 569.0 413.0 600.0 361.0 205.0 577.0 279.0 521.0 439.0 348.0 82.0 64.0 460.0 143.0 202.0 362.0 429.0
273.0 257.0 451.0 640.0 589.0 255.0 265.0 347.0 142.0 216.0 686.0 140.0 229.0 373.0 39.0 760.0 389.0 828.0 367.0 201.0 44.0 215.0 279.0 0.0 220.0 111.0 448.0 418.0 305.0 361.0 520.0 167.0 416.0 302.0 339.0 358.0 558.0 73.0 830.0 657.0 67.0 400.0 428.0 218.0 685.0 378.0 228.0 497.0 464.0 390.0 549.0 245.0 572.0 186.0 158.0 274.0 162.0 500.0 470.0 213.0 352.0 169.0 103.0 647.0 43.0 454.0 461.0 287.0 834.0 481.0 290.0 347.0 652.0 331.0 265.0 242.0 441.0 342.0 240.0 121.0 567.0 279.0 81.0 369.0 388.0 814.0 720.0 384.0 159.0 708.0 324.0 694.0 78.0 217.0 572.0 127.0 155.0 549.0 202.0 385.0 763.0 494.0 655.0 405.0 403.0 130.0 352.0 350.0 248.0 623.0 219.0 305.0 405.0 673.0 133.0 266.0 401.0 505.0 423.0 271.0 340.0 534.0 395.0 691.0 426.0 635.0 465.0 403.0 557.0 781.0 699.0 626.0 351.0 268.0 286.0 212.0 138.0 188.0 255.0
185.0 372.0 322.0 511.0 461.0 369.0 379.0 162.0 290.0 209.0 558.0 254.0 344.0 487.0 255.0 590.0 503.0 658.0 482.0 316.0 193.0 205.0 151.0 220.0 0.0 109.0 320.0 533.0 419.0 298.0 392.0 282.0 531.0 337.0 98.0 230.0 387.0 147.0 702.0 487.0 179.0 271.0 299.0 332.0 557.0 208.0 143.0 369.0 579.0 262.0 421.0 329.0 434.0 58.0 128.0 211.0 59.0 372.0 299.0 104.0 466.0 146.0 118.0 518.0 204.0 325.0 291.0 116.0 664.0 276.0 405.0 260.0 523.0 446.0 97.0 114.0 271.0 214.0 354.0 270.0 397.0 393.0 195.0 241.0 190.0 643.0 549.0 256.0 230.0 580.0 196.0 566.0 293.0 7.0 444.0 121.0 95.0 379.0 317.0 257.0 635.0 324.0 485.0 235.0 517.0 93.0 224.0 134.0 362.0 452.0 91.0 66.0 519.0 545.0 283.0 50.0 273.0 376.0 252.0 385.0 455.0 334.0 510.0 582.0 541.0 412.0 294.0 518.0 428.0 675.0 529.0 498.0 180.0 94.0 400.0 10.0 143.0 303.0 370.0
203.0 264.0 341.0 529.0 479.0 261.0 271.0 237.0 181.0 200.0 576.0 146.0 235.0 379.0 146.0 650.0 395.0 718.0 374.0 207.0 84.0 179.0 169.0 111.0 109.0 0.0 338.0 424.0 311.0 324.0 410.0 174.0 422.0 286.0 229.0 248.0 447.0 39.0 720.0 547.0 148.0 289.0 317.0 224.0 575.0 226.0 161.0 387.0 470.0 280.0 439.0 220.0 452.0 76.0 118.0 237.0 51.0 390.0 360.0 103.0 358.0 58.0 51.0 537.0 107.0 344.0 351.0 177.0 724.0 371.0 296.0 278.0 542.0 337.0 155.0 132.0 331.0 232.0 246.0 162.0 457.0 285.0 87.0 259.0 278.0 704.0 610.0 274.0 122.0 598.0 214.0 584.0 185.0 107.0 462.0 112.0 86.0 442.0 208.0 275.0 653.0 384.0 545.0 295.0 409.0 20.0 242.0 240.0 254.0 513.0 109.0 195.0 411.0 563.0 175.0 156.0 291.0 395.0 313.0 277.0 346.0 424.0 401.0 581.0 432.0 472.0 354.0 410.0 446.0 671.0 589.0 516.0 241.0 158.0 292.0 102.0 55.0 194.0 261.0
205.0 600.0 62.0 272.0 202.0 598.0 608.0 172.0 518.0 349.0 298.0 483.0 572.0 716.0 483.0 393.0 732.0 461.0 710.0 544.0 421.0 515.0 178.0 448.0 320.0 338.0 0.0 761.0 647.0 573.0 133.0 510.0 759.0 311.0 397.0 158.0 190.0 376.0 463.0 289.0 407.0 112.0 71.0 561.0 317.0 183.0 249.0 111.0 807.0 58.0 162.0 557.0 176.0 262.0 356.0 485.0 287.0 113.0 45.0 378.0 695.0 374.0 347.0 259.0 432.0 164.0 194.0 162.0 467.0 366.0 633.0 234.0 337.0 674.0 185.0 207.0 87.0 147.0 582.0 499.0 199.0 621.0 424.0 79.0 205.0 446.0 352.0 63.0 459.0 321.0 122.0 310.0 521.0 277.0 185.0 350.0 323.0 185.0 545.0 127.0 396.0 146.0 288.0 45.0 746.0 325.0 94.0 408.0 590.0 343.0 230.0 253.0 748.0 287.0 511.0 324.0 46.0 137.0 155.0 613.0 683.0 334.0 738.0 304.0 769.0 267.0 97.0 746.0 169.0 413.0 332.0 238.0 110.0 184.0 629.0 278.0 371.0 531.0 598.0
626.0 198.0 764.0 953.0 902.0 157.0 153.0 660.0 322.0 625.0 999.0 281.0 279.0 47.0 436.0 1073.0 43.0 1141.0 64.0 290.0 374.0 375.0 592.0 418.0 533.0 424.0 761.0 0.0 119.0 485.0 833.0 314.0 32.0 695.0 652.0 672.0 871.0 387.0 1143.0 970.0 495.0 713.0 741.0 200.0 998.0 649.0 584.0 810.0 48.0 703.0 862.0 324.0 875.0 500.0 542.0 379.0 475.0 813.0 783.0 476.0 106.0 482.0 474.0 960.0 481.0 767.0 774.0 600.0 1147.0 830.0 128.0 701.0 965.0 128.0 578.0 555.0 754.0 655.0 202.0 343.0 880.0 162.0 338.0 682.0 701.0 1127.0 1033.0 697.0 412.0 1021.0 637.0 1007.0 475.0 530.0 885.0 529.0 509.0 862.0 246.0 698.0 1077.0 807.0 969.0 718.0 54.0 443.0 665.0 663.0 192.0 936.0 532.0 619.0 56.0 986.0 354.0 579.0 714.0 818.0 735.0 169.0 89.0 847.0 90.0 1004.0 8.0 948.0 778.0 80.0 870.0 1094.0 1012.0 939.0 664.0 581.0 203.0 525.0 451.0 231.0 255.0
513.0 84.0 650.0 839.0 789.0 39.0 40.0 547.0 209.0 504.0 886.0 168.0 138.0 73.0 323.0 960.0 90.0 1049.0 68.0 177.0 261.0 262.0 478.0 305.0 419.0 311.0 647.0 119.0 0.0 348.0 720.0 201.0 117.0 590.0 538.0 558.0 757.0 273.0 1030.0 856.0 382.0 599.0 627.0 87.0 884.0 536.0 470.0 696.0 165.0 589.0 749.0 186.0 762.0 386.0 428.0 242.0 361.0 700.0 669.0 363.0 109.0 368.0 361.0 846.0 367.0 653.0 661.0 486.0 1034.0 692.0 14.0 588.0 851.0 70.0 465.0 441.0 641.0 541.0 89.0 229.0 766.0 48.0 224.0 569.0 587.0 1013.0 919.0 583.0 299.0 908.0 524.0 894.0 361.0 417.0 772.0 415.0 395.0 752.0 106.0 584.0 963.0 694.0 855.0 605.0 104.0 329.0 551.0 550.0 52.0 822.0 419.0 505.0 106.0 872.0 241.0 466.0 601.0 704.0 623.0 55.0 41.0 733.0 93.0 891.0 127.0 782.0 664.0 83.0 756.0 1003.0 899.0 825.0 550.0 467.0 84.0 411.0 337.0 118.0 115.0
480.0 265.0 664.0 764.0 802.0 358.0 332.0 560.0 286.0 519.0 852.0 240.0 340.0 416.0 361.0 885.0 443.0 1015.0 421.0 243.0 299.0 146.0 445.0 361.0 298.0 324.0 573.0 485.0 348.0 0.0 687.0 278.0 470.0 605.0 250.0 525.0 682.0 289.0 1035.0 781.0 397.0 566.0 594.0 321.0 898.0 503.0 437.0 663.0 531.0 556.0 716.0 172.0 729.0 353.0 394.0 87.0 327.0 667.0 594.0 135.0 360.0 240.0 326.0 813.0 383.0 620.0 586.0 411.0 1030.0 247.0 334.0 555.0 462.0 339.0 479.0 408.0 566.0 508.0 288.0 306.0 691.0 301.0 263.0 536.0 485.0 1027.0 818.0 551.0 192.0 875.0 491.0 819.0 400.0 302.0 739.0 436.0 361.0 674.0 305.0 551.0 1001.0 708.0 780.0 530.0 457.0 343.0 565.0 310.0 351.0 747.0 386.0 314.0 459.0 840.0 318.0 248.0 615.0 629.0 547.0 299.0 383.0 383.0 398.0 877.0 493.0 707.0 589.0 406.0 723.0 968.0 913.0 792.0 475.0 389.0 294.0 305.0 243.0 291.0 358.0
279.0 673.0 70.0 303.0 70.0 670.0 680.0 304.0 590.0 424.0 167.0 555.0 644.0 788.0 555.0 369.0 804.0 437.0 783.0 616.0 493.0 587.0 242.0 520.0 392.0 410.0 133.0 833.0 720.0 687.0 0.0 582.0 831.0 386.0 511.0 232.0 237.0 448.0 439.0 314.0 479.0 187.0 93.0 633.0 348.0 257.0 323.0 73.0 879.0 132.0 30.0 629.0 53.0 334.0 428.0 599.0 359.0 21.0 130.0 492.0 767.0 446.0 419.0 173.0 505.0 163.0 326.0 294.0 443.0 498.0 705.0 308.0 469.0 746.0 303.0 279.0 219.0 221.0 655.0 571.0 228.0 694.0 496.0 153.0 338.0 423.0 383.0 137.0 531.0 234.0 196.0 219.0 594.0 389.0 93.0 422.0 395.0 317.0 617.0 201.0 427.0 311.0 319.0 177.0 818.0 393.0 169.0 522.0 663.0 374.0 302.0 374.0 820.0 163.0 584.0 439.0 120.0 177.0 287.0 686.0 755.0 466.0 810.0 276.0 841.0 160.0 229.0 818.0 57.0 390.0 357.0 106.0 242.0 305.0 701.0 384.0 443.0 603.0 670.0
376.0 154.0 513.0 702.0 652.0 151.0 161.0 409.0 45.0 374.0 748.0 29.0 62.0 269.0 186.0 822.0 285.0 891.0 264.0 101.0 124.0 132.0 341.0 167.0 282.0 174.0 510.0 314.0 201.0 278.0 582.0 0.0 312.0 452.0 401.0 421.0 620.0 136.0 893.0 719.0 245.0 462.0 490.0 114.0 747.0 399.0 333.0 559.0 242.0 452.0 611.0 144.0 624.0 249.0 291.0 191.0 224.0 563.0 532.0 233.0 248.0 231.0 224.0 709.0 230.0 516.0 524.0 349.0 897.0 543.0 186.0 450.0 714.0 227.0 328.0 304.0 504.0 404.0 136.0 65.0 629.0 175.0 87.0 432.0 450.0 876.0 782.0 446.0 169.0 770.0 387.0 756.0 224.0 279.0 635.0 278.0 258.0 612.0 98.0 447.0 826.0 557.0 718.0 468.0 299.0 192.0 414.0 412.0 144.0 685.0 281.0 368.0 301.0 735.0 77.0 329.0 464.0 567.0 485.0 167.0 236.0 596.0 291.0 754.0 322.0 645.0 527.0 300.0 619.0 843.0 762.0 688.0 413.0 330.0 182.0 274.0 200.0 84.0 87.0
625.0 213.0 762.0 951.0 900.0 155.0 152.0 658.0 320.0 623.0 997.0 279.0 277.0 60.0 434.0 1071.0 28.0 1139.0 49.0 288.0 372.0 397.0 590.0 416.0 531.0 422.0 759.0 32.0 117.0 470.0 831.0 312.0 0.0 759.0 650.0 670.0 869.0 385.0 1142.0 968.0 493.0 711.0 739.0 199.0 996.0 648.0 582.0 808.0 78.0 701.0 860.0 309.0 873.0 498.0 540.0 364.0 473.0 812.0 781.0 498.0 91.0 480.0 473.0 958.0 479.0 765.0 773.0 598.0 1146.0 815.0 126.0 699.0 963.0 113.0 577.0 553.0 753.0 653.0 201.0 341.0 878.0 160.0 336.0 681.0 699.0 1125.0 1031.0 695.0 434.0 1019.0 636.0 1005.0 473.0 528.0 884.0 527.0 507.0 861.0 244.0 696.0 1075.0 806.0 967.0 717.0 39.0 441.0 663.0 661.0 190.0 934.0 530.0 617.0 20.0 984.0 352.0 578.0 713.0 816.0 734.0 167.0 103.0 845.0 75.0 1003.0 40.0 894.0 776.0 65.0 868.0 1114.0 1011.0 937.0 662.0 579.0 188.0 523.0 449.0 230.0 253.0
152.0 659.0 316.0 543.0 455.0 540.0 666.0 332.0 576.0 87.0 526.0 425.0 514.0 700.0 340.0 666.0 734.0 732.0 653.0 486.0 363.0 459.0 228.0 302.0 337.0 286.0 311.0 695.0 590.0 605.0 386.0 452.0 759.0 0.0 385.0 179.0 461.0 317.0 734.0 561.0 182.0 242.0 293.0 503.0 589.0 129.0 128.0 305.0 659.0 255.0 415.0 645.0 370.0 263.0 173.0 632.0 237.0 366.0 374.0 476.0 637.0 322.0 225.0 512.0 257.0 211.0 377.0 246.0 738.0 532.0 575.0 78.0 567.0 732.0 289.0 200.0 358.0 165.0 525.0 597.0 471.0 564.0 366.0 235.0 372.0 718.0 624.0 249.0 429.0 573.0 190.0 563.0 378.0 334.0 438.0 175.0 201.0 456.0 487.0 191.0 667.0 410.0 561.0 317.0 745.0 269.0 217.0 405.0 533.0 538.0 207.0 360.0 747.0 481.0 434.0 384.0 267.0 409.0 338.0 556.0 625.0 517.0 680.0 557.0 715.0 504.0 368.0 688.0 422.0 685.0 603.0 491.0 255.0 226.0 571.0 329.0 319.0 473.0 601.0
304.0 491.0 442.0 630.0 580.0 488.0 498.0 281.0 409.0 328.0 677.0 373.0 463.0 606.0 374.0 709.0 622.0 777.0 601.0 311.0 312.0 215.0 270.0 339.0 98.0 229.0 397.0 652.0 538.0 250.0 511.0 401.0 650.0 385.0 0.0 350.0 549.0 267.0 779.0 606.0 298.0 391.0 419.0 452.0 634.0 327.0 262.0 488.0 698.0 381.0 540.0 303.0 553.0 146.0 201.0 221.0 147.0 492.0 461.0 114.0 586.0 155.0 238.0 638.0 323.0 445.0 281.0 236.0 783.0 154.0 524.0 379.0 321.0 565.0 216.0 233.0 390.0 333.0 353.0 390.0 516.0 512.0 315.0 360.0 226.0 763.0 711.0 375.0 200.0 699.0 315.0 643.0 412.0 97.0 563.0 241.0 214.0 404.0 436.0 376.0 713.0 349.0 604.0 354.0 637.0 212.0 343.0 47.0 481.0 702.0 210.0 150.0 639.0 664.0 402.0 73.0 392.0 454.0 278.0 504.0 467.0 242.0 629.0 701.0 660.0 531.0 414.0 638.0 548.0 730.0 648.0 617.0 300.0 213.0 520.0 130.0 159.0 422.0 489.0
117.0 511.0 163.0 391.0 301.0 508.0 518.0 180.0 429.0 262.0 398.0 393.0 482.0 626.0 393.0 512.0 642.0 580.0 621.0 455.0 331.0 426.0 81.0 358.0 230.0 248.0 158.0 672.0 558.0 525.0 232.0 421.0 670.0 179.0 350.0 0.0 310.0 286.0 582.0 409.0 318.0 52.0 140.0 471.0 437.0 96.0 162.0 209.0 718.0 102.0 261.0 468.0 274.0 173.0 267.0 438.0 198.0 213.0 222.0 331.0 606.0 285.0 257.0 359.0 343.0 122.0 224.0 160.0 586.0 380.0 544.0 102.0 415.0 585.0 141.0 118.0 206.0 60.0 493.0 409.0 319.0 532.0 335.0 81.0 220.0 566.0 472.0 96.0 369.0 420.0 35.0 410.0 432.0 228.0 284.0 261.0 234.0 304.0 456.0 35.0 516.0 258.0 407.0 165.0 657.0 236.0 64.0 361.0 501.0 386.0 141.0 213.0 658.0 385.0 461.0 277.0 113.0 257.0 185.0 524.0 594.0 365.0 649.0 403.0 680.0 351.0 217.0 657.0 269.0 533.0 451.0 338.0 103.0 144.0 540.0 223.0 282.0 442.0 509.0
356.0 710.0 252.0 83.0 213.0 707.0 717.0 283.0 628.0 499.0 309.0 592.0 681.0 825.0 592.0 204.0 841.0 293.0 820.0 654.0 531.0 625.0 298.0 558.0 387.0 447.0 190.0 871.0 757.0 682.0 237.0 620.0 869.0 461.0 549.0 310.0 0.0 485.0 274.0 100.0 517.0 264.0 254.0 670.0 128.0 333.0 399.0 231.0 917.0 216.0 253.0 697.0 289.0 371.0 466.0 595.0 397.0 216.0 104.0 488.0 804.0 484.0 456.0 190.0 542.0 318.0 189.0 271.0 278.0 476.0 743.0 384.0 331.0 784.0 295.0 316.0 147.0 297.0 692.0 608.0 11.0 731.0 533.0 231.0 257.0 257.0 163.0 215.0 568.0 234.0 274.0 138.0 631.0 427.0 117.0 459.0 433.0 78.0 654.0 279.0 207.0 134.0 99.0 155.0 855.0 431.0 246.0 518.0 700.0 154.0 339.0 363.0 857.0 358.0 621.0 434.0 228.0 54.0 207.0 723.0 792.0 347.0 847.0 196.0 878.0 78.0 96.0 856.0 206.0 225.0 143.0 248.0 220.0 294.0 738.0 388.0 480.0 641.0 708.0
241.0 226.0 378.0 567.0 517.0 223.0 233.0 275.0 144.0 240.0 614.0 108.0 197.0 341.0 108.0 688.0 357.0 756.0 336.0 170.0 36.0 143.0 207.0 73.0 147.0 39.0 376.0 387.0 273.0 289.0 448.0 136.0 385.0 317.0 267.0 286.0 485.0 0.0 758.0 584.0 109.0 327.0 355.0 186.0 612.0 264.0 198.0 424.0 433.0 317.0 477.0 185.0 490.0 114.0 156.0 201.0 89.0 428.0 397.0 140.0 320.0 96.0 89.0 574.0 71.0 381.0 389.0 214.0 762.0 408.0 259.0 316.0 579.0 300.0 193.0 169.0 369.0 269.0 208.0 124.0 494.0 247.0 49.0 297.0 315.0 741.0 647.0 311.0 86.0 636.0 252.0 622.0 147.0 145.0 500.0 142.0 123.0 480.0 170.0 312.0 691.0 422.0 583.0 333.0 371.0 57.0 279.0 278.0 216.0 550.0 147.0 233.0 373.0 600.0 137.0 194.0 329.0 432.0 350.0 239.0 309.0 461.0 364.0 619.0 395.0 510.0 392.0 372.0 484.0 708.0 627.0 553.0 278.0 195.0 254.0 139.0 65.0 157.0 224.0
628.0 983.0 469.0 231.0 415.0 980.0 990.0 555.0 901.0 771.0 511.0 865.0 954.0 1098.0 865.0 71.0 1114.0 22.0 1093.0 927.0 803.0 898.0 570.0 830.0 702.0 720.0 463.0 1143.0 1030.0 1035.0 439.0 893.0 1142.0 734.0 779.0 582.0 274.0 758.0 0.0 175.0 789.0 535.0 527.0 943.0 188.0 607.0 670.0 428.0 1189.0 489.0 454.0 970.0 491.0 644.0 738.0 956.0 669.0 418.0 376.0 801.0 1077.0 757.0 715.0 376.0 815.0 589.0 400.0 544.0 4.0 793.0 1015.0 659.0 380.0 1056.0 570.0 589.0 420.0 571.0 965.0 921.0 265.0 1004.0 806.0 504.0 467.0 17.0 153.0 487.0 841.0 315.0 547.0 221.0 904.0 659.0 347.0 732.0 705.0 324.0 927.0 552.0 108.0 345.0 215.0 428.0 1128.0 703.0 519.0 791.0 973.0 216.0 612.0 636.0 1130.0 559.0 894.0 707.0 500.0 327.0 418.0 996.0 1065.0 460.0 1120.0 277.0 1151.0 329.0 369.0 1129.0 407.0 68.0 156.0 442.0 493.0 566.0 1011.0 661.0 753.0 913.0 980.0
454.0 809.0 343.0 88.0 290.0 807.0 816.0 381.0 727.0 597.0 385.0 691.0 781.0 924.0 692.0 105.0 941.0 173.0 919.0 753.0 630.0 724.0 400.0 657.0 487.0 547.0 289.0 970.0 856.0 781.0 314.0 719.0 968.0 561.0 606.0 409.0 100.0 584.0 175.0 0.0 616.0 362.0 353.0 770.0 85.0 433.0 498.0 298.0 1016.0 316.0 330.0 766.0 367.0 471.0 565.0 695.0 496.0 293.0 203.0 587.0 904.0 583.0 556.0 267.0 642.0 418.0 289.0 371.0 180.0 575.0 842.0 484.0 378.0 883.0 394.0 416.0 247.0 397.0 791.0 708.0 91.0 831.0 633.0 331.0 356.0 159.0 212.0 314.0 668.0 211.0 374.0 117.0 731.0 486.0 184.0 559.0 532.0 178.0 754.0 378.0 167.0 234.0 78.0 254.0 955.0 530.0 346.0 617.0 800.0 148.0 439.0 462.0 957.0 435.0 721.0 534.0 327.0 154.0 307.0 823.0 892.0 447.0 947.0 173.0 978.0 155.0 196.0 955.0 283.0 126.0 43.0 326.0 319.0 393.0 838.0 521.0 580.0 740.0 807.0
203.0 335.0 410.0 599.0 548.0 332.0 342.0 306.0 252.0 96.0 645.0 217.0 306.0 450.0 87.0 719.0 466.0 788.0 445.0 278.0 129.0 251.0 238.0 67.0 179.0 148.0 407.0 495.0 382.0 397.0 479.0 245.0 493.0 182.0 298.0 318.0 517.0 109.0 789.0 616.0 0.0 359.0 387.0 295.0 644.0 225.0 158.0 456.0 542.0 349.0 508.0 293.0 521.0 146.0 88.0 310.0 121.0 459.0 429.0 249.0 429.0 205.0 109.0 606.0 36.0 413.0 420.0 246.0 793.0 440.0 368.0 277.0 611.0 409.0 224.0 201.0 400.0 301.0 317.0 214.0 526.0 356.0 158.0 328.0 347.0 773.0 679.0 343.0 195.0 667.0 283.0 653.0 171.0 176.0 531.0 57.0 85.0 508.0 279.0 344.0 722.0 453.0 614.0 364.0 480.0 153.0 311.0 309.0 325.0 582.0 178.0 264.0 482.0 632.0 226.0 225.0 360.0 464.0 381.0 348.0 417.0 493.0 472.0 650.0 503.0 541.0 424.0 481.0 516.0 740.0 658.0 585.0 310.0 227.0 363.0 171.0 174.0 265.0 332.0
158.0 552.0 115.0 346.0 256.0 549.0 559.0 221.0 470.0 303.0 352.0 434.0 523.0 667.0 434.0 467.0 683.0 535.0 662.0 496.0 373.0 467.0 122.0 400.0 271.0 289.0 112.0 713.0 599.0 566.0 187.0 462.0 711.0 242.0 391.0 52.0 264.0 327.0 535.0 362.0 359.0 0.0 92.0 513.0 389.0 137.0 203.0 149.0 760.0 54.0 213.0 510.0 214.0 214.0 309.0 480.0 239.0 164.0 174.0 372.0 647.0 327.0 285.0 311.0 385.0 54.0 265.0 201.0 538.0 422.0 586.0 165.0 408.0 627.0 183.0 159.0 158.0 101.0 535.0 451.0 271.0 574.0 376.0 33.0 262.0 518.0 424.0 48.0 411.0 372.0 76.0 362.0 474.0 270.0 236.0 302.0 275.0 256.0 497.0 20.0 468.0 251.0 359.0 117.0 698.0 277.0 49.0 403.0 543.0 415.0 182.0 255.0 700.0 346.0 464.0 318.0 65.0 209.0 228.0 566.0 635.0 405.0 690.0 355.0 721.0 303.0 169.0 699.0 221.0 507.0 403.0 290.0 145.0 185.0 581.0 264.0 323.0 484.0 551.0
186.0 580.0 24.0 336.0 162.0 577.0 587.0 236.0 498.0 331.0 259.0 462.0 552.0 695.0 462.0 456.0 711.0 489.0 690.0 524.0 401.0 495.0 150.0 428.0 299.0 317.0 71.0 741.0 627.0 594.0 93.0 490.0 739.0 293.0 419.0 140.0 254.0 355.0 527.0 353.0 387.0 92.0 0.0 540.0 381.0 165.0 231.0 70.0 787.0 40.0 122.0 567.0 135.0 242.0 336.0 507.0 267.0 74.0 78.0 400.0 674.0 354.0 326.0 220.0 412.0 148.0 258.0 226.0 496.0 430.0 613.0 216.0 400.0 654.0 210.0 187.0 150.0 129.0 562.0 478.0 263.0 601.0 404.0 61.0 269.0 475.0 416.0 45.0 438.0 281.0 104.0 271.0 501.0 297.0 145.0 330.0 303.0 248.0 525.0 109.0 460.0 243.0 352.0 109.0 725.0 301.0 76.0 430.0 570.0 407.0 210.0 282.0 727.0 246.0 491.0 346.0 28.0 201.0 218.0 593.0 663.0 397.0 718.0 265.0 749.0 212.0 161.0 726.0 105.0 442.0 396.0 199.0 172.0 213.0 608.0 292.0 351.0 511.0 578.0
426.0 40.0 563.0 752.0 702.0 75.0 47.0 460.0 122.0 417.0 799.0 81.0 143.0 155.0 236.0 873.0 171.0 941.0 150.0 90.0 174.0 175.0 392.0 218.0 332.0 224.0 561.0 200.0 87.0 321.0 633.0 114.0 199.0 503.0 452.0 471.0 670.0 186.0 943.0 770.0 295.0 513.0 540.0 0.0 797.0 490.0 384.0 610.0 246.0 502.0 662.0 141.0 675.0 299.0 341.0 234.0 274.0 613.0 582.0 276.0 134.0 281.0 274.0 759.0 281.0 566.0 574.0 399.0 947.0 647.0 72.0 501.0 764.0 113.0 378.0 355.0 554.0 454.0 22.0 142.0 680.0 61.0 137.0 482.0 500.0 926.0 832.0 497.0 212.0 821.0 437.0 807.0 274.0 330.0 685.0 328.0 308.0 662.0 65.0 497.0 876.0 607.0 768.0 518.0 185.0 242.0 465.0 463.0 85.0 735.0 332.0 418.0 187.0 786.0 154.0 379.0 514.0 617.0 535.0 53.0 122.0 646.0 177.0 804.0 208.0 695.0 577.0 186.0 669.0 894.0 812.0 738.0 463.0 381.0 68.0 325.0 250.0 31.0 120.0
484.0 837.0 379.0 45.0 324.0 834.0 844.0 325.0 755.0 625.0 419.0 719.0 809.0 952.0 720.0 177.0 968.0 167.0 947.0 781.0 658.0 752.0 425.0 685.0 557.0 575.0 317.0 998.0 884.0 898.0 348.0 747.0 996.0 589.0 634.0 437.0 128.0 612.0 188.0 85.0 644.0 389.0 381.0 797.0 0.0 462.0 526.0 426.0 1044.0 343.0 363.0 794.0 400.0 498.0 593.0 810.0 524.0 327.0 231.0 655.0 931.0 611.0 583.0 301.0 669.0 445.0 214.0 399.0 183.0 442.0 870.0 511.0 205.0 911.0 422.0 444.0 275.0 424.0 819.0 735.0 121.0 858.0 660.0 358.0 282.0 203.0 37.0 342.0 695.0 308.0 401.0 212.0 758.0 513.0 257.0 586.0 560.0 138.0 781.0 406.0 81.0 159.0 29.0 282.0 982.0 558.0 373.0 645.0 827.0 30.0 466.0 376.0 984.0 469.0 748.0 561.0 355.0 181.0 232.0 850.0 920.0 285.0 975.0 270.0 1006.0 189.0 223.0 983.0 316.0 121.0 75.0 359.0 347.0 421.0 865.0 515.0 607.0 768.0 835.0
